<?xml version="1.0"?>
<opencv_storage>
<calibration_Time>"Thu Sep 14 15:37:15 2023"</calibration_Time>
<image_Width>960</image_Width>
<image_Height>720</image_Height>
<Camera_Matrix type_id="opencv-matrix">
  <rows>3</rows>
  <cols>3</cols>
  <dt>d</dt>
  <data>
    8.77248473515144610e+02 0. 4.88829077433574582e+02 0.
    8.77248473515144610e+02 3.33410861159088938e+02 0. 0. 1.</data></Camera_Matrix>
<Distortion_Coefficients type_id="opencv-matrix">
  <rows>5</rows>
  <cols>1</cols>
  <dt>d</dt>
  <data>
    -1.12838877759259080e-02 1.88216154051785468e-02 -1.20744515329515708e-19 8.70251350604807144e-19
    1.84712952412300763e-02</data></Distortion_Coefficients>
</opencv_storage>
